Unnamed: 0,Unnamed: 1
,
,◯
,△
,×
